41
Pristimantis_viejas_MHUAA7119                0.0000000 0.0044537 0.0044599 0.0044537 0.0162604 0.0165647 0.0165647 0.0165647 0.0165647 0.0162604 0.1099044 0.1099044 0.1131541 0.1131541 0.1131541 0.1131541 0.1131541 0.1131541 0.1099044 0.1099044 0.1099044 0.1099044 0.1099044 0.1099044 0.1099044 0.1099044 0.1099044 0.1117137 0.2030934 0.1896813 0.1896813 0.1896813 0.1896813 0.1914561 0.1914561 0.1875089 0.1875089 0.1875080 0.1875080 0.1875080 0.1875080 
Pristimantis_viejas_MHUAA10465               0.0044537 0.0000000 0.0000020 0.0000010 0.0151797 0.0132898 0.0132554 0.0132554 0.0132554 0.0144953 0.0834705 0.0820596 0.0884170 0.0884170 0.0884170 0.0884170 0.0884170 0.0841170 0.0866150 0.0866150 0.0866150 0.0866150 0.0866150 0.0866150 0.0845142 0.0866150 0.0863021 0.0874282 0.1475355 0.1477156 0.1511682 0.1511682 0.1477156 0.1522345 0.1522345 0.1479332 0.1479332 0.1472409 0.1472409 0.1493097 0.1442382 
Pristimantis_viejas_MHUAA11900               0.0044599 0.0000020 0.0000000 0.0000020 0.0137207 0.0133084 0.0132085 0.0132085 0.0132085 0.0130144 0.1032153 0.1006718 0.1082029 0.1082029 0.1100290 0.1095167 0.1100290 0.1043780 0.1055515 0.1055515 0.1055515 0.1055515 0.1055515 0.1055515 0.1040523 0.1055515 0.1067198 0.1085975 0.1958830 0.1981909 0.2076731 0.2076731 0.1981909 0.1970352 0.1970352 0.1937532 0.1937532 0.1802016 0.1802016 0.1773370 0.1802016 
Pristimantis_viejas_MHUAA11901               0.0044537 0.0000010 0.0000020 0.0000000 0.0137027 0.0132915 0.0131919 0.0131919 0.0131919 0.0129983 0.1066082 0.1039641 0.1115028 0.1115028 0.1133983 0.1128662 0.1133983 0.1078140 0.1088233 0.1088233 0.1088233 0.1088233 0.1088233 0.1088233 0.1073332 0.1088233 0.1100291 0.1119844 0.1958830 0.1981909 0.2076731 0.2076731 0.1981909 0.1970352 0.1970352 0.1937532 0.1937532 0.1802016 0.1802016 0.1773370 0.1802016 
Pristimantis_viejas_MHUAA9742                0.0162604 0.0151797 0.0137207 0.0137027 0.0000000 0.0026562 0.0026562 0.0026562 0.0026562 0.0000010 0.0927216 0.0926030 0.0944965 0.0944965 0.0944965 0.0944965 0.0944965 0.0953613 0.0926030 0.0926030 0.0926030 0.0926030 0.0926030 0.0926030 0.0926030 0.0926030 0.0926030 0.0935080 0.1253678 0.1324849 0.1324849 0.1324849 0.1324849 0.1357257 0.1357257 0.1314085 0.1314085 0.1416858 0.1416858 0.1416858 0.1386574 
Pristimantis_viejas_MHUAA10472               0.0165647 0.0132898 0.0133084 0.0132915 0.0026562 0.0000000 0.0000010 0.0000010 0.0000010 0.0023833 0.0800028 0.0787276 0.0852782 0.0828398 0.0828398 0.0828398 0.0839679 0.0837820 0.0799348 0.0799348 0.0799348 0.0802705 0.0799348 0.0799348 0.0807881 0.0840755 0.0824595 0.0818769 0.1243210 0.1238115 0.1254897 0.1263171 0.1257848 0.1242303 0.1266362 0.1203793 0.1203793 0.1217602 0.1217602 0.1234975 0.1192506 
Pristimantis_viejas_MHUAA10509               0.0165647 0.0132554 0.0132085 0.0131919 0.0026562 0.0000010 0.0000000 0.0000010 0.0000010 0.0023703 0.0800028 0.0787276 0.0869431 0.0844542 0.0847080 0.0844542 0.0858677 0.0837820 0.0814291 0.0814291 0.0814291 0.0818626 0.0814291 0.0814291 0.0806925 0.0857468 0.0823614 0.0836580 0.1243210 0.1238115 0.1293348 0.1301883 0.1257848 0.1256329 0.1280422 0.1217875 0.1217875 0.1228985 0.1228985 0.1234975 0.1203879 
Pristimantis_viejas_MHUAA10526               0.0165647 0.0132554 0.0132085 0.0131919 0.0026562 0.0000010 0.0000010 0.0000000 0.0000010 0.0023721 0.0800028 0.0787276 0.0869431 0.0844542 0.0847080 0.0844542 0.0858677 0.0837820 0.0815195 0.0815195 0.0815195 0.0818626 0.0815195 0.0815195 0.0806925 0.0857468 0.0823614 0.0836580 0.1243210 0.1238115 0.1293348 0.1301883 0.1257848 0.1260500 0.1284692 0.1221921 0.1221921 0.1235135 0.1235135 0.1234975 0.1209869 
Pristimantis_viejas_MHUAA10558               0.0165647 0.0132554 0.0132085 0.0131919 0.0026562 0.0000010 0.0000010 0.0000010 0.0000000 0.0023721 0.0800028 0.0787276 0.0869431 0.0844542 0.0847080 0.0844542 0.0858677 0.0837820 0.0815195 0.0815195 0.0815195 0.0818626 0.0815195 0.0815195 0.0806925 0.0857468 0.0823614 0.0836580 0.1243210 0.1238115 0.1293348 0.1301883 0.1257848 0.1260500 0.1284692 0.1221921 0.1221921 0.1235135 0.1235135 0.1234975 0.1209869 
Pristimantis_viejas_MHUAA10475               0.0162604 0.0144953 0.0130144 0.0129983 0.0000010 0.0023833 0.0023703 0.0023721 0.0023721 0.0000000 0.0870755 0.0856806 0.0941594 0.0914408 0.0917175 0.0914408 0.0929904 0.0910805 0.0882629 0.0882629 0.0882629 0.0887400 0.0882629 0.0882629 0.0875786 0.0929856 0.0892739 0.0906954 0.1334671 0.1332261 0.1388613 0.1397925 0.1352404 0.1350780 0.1375848 0.1311446 0.1311446 0.1321816 0.1321816 0.1324544 0.1295470 
Pristimantis_aff_viejas_MHUAA5555            0.1099044 0.0834705 0.1032153 0.1066082 0.0927216 0.0800028 0.0800028 0.0800028 0.0800028 0.0870755 0.0000000 0.0000010 0.0012581 0.0012290 0.0012290 0.0012290 0.0012421 0.0012544 0.0000010 0.0000010 0.0000010 0.0000010 0.0000010 0.0000010 0.0000010 0.0000010 0.0000010 0.0012310 0.1563738 0.1411051 0.1411051 0.1412982 0.1391640 0.1333438 0.1333438 0.1333438 0.1333438 0.1361393 0.1361393 0.1361393 0.1334494 
Pristimantis_aff_viejas_MHUAA5562            0.1099044 0.0820596 0.1006718 0.1039641 0.0926030 0.0787276 0.0787276 0.0787276 0.0787276 0.0856806 0.0000010 0.0000000 0.0012408 0.0012124 0.0012124 0.0012124 0.0012252 0.0012544 0.0000010 0.0000010 0.0000010 0.0000010 0.0000010 0.0000010 0.0000010 0.0000010 0.0012124 0.0012144 0.1537541 0.1415367 0.1415367 0.1417290 0.1396094 0.1311300 0.1311300 0.1311300 0.1311300 0.1338674 0.1338674 0.1338674 0.1312338 
Pristimantis_aff_viejas_MHUAA8059__reversed_ 0.1131541 0.0884170 0.1082029 0.1115028 0.0944965 0.0852782 0.0869431 0.0869431 0.0869431 0.0941594 0.0012581 0.0012408 0.0000000 0.0000010 0.0000010 0.0000010 0.0000010 0.0000010 0.0012082 0.0012082 0.0012091 0.0012091 0.0011975 0.0011975 0.0012210 0.0012142 0.0024479 0.0024484 0.1696563 0.1581508 0.1621704 0.1621704 0.1561307 0.1487854 0.1487854 0.1487854 0.1487854 0.1579075 0.1579075 0.1441445 0.1549675 
Pristimantis_aff_viejas_MHUAA8087            0.1131541 0.0884170 0.1082029 0.1115028 0.0944965 0.0828398 0.0844542 0.0844542 0.0844542 0.0914408 0.0012290 0.0012124 0.0000010 0.0000000 0.0000010 0.0000010 0.0000010 0.0000010 0.0011803 0.0011803 0.0011812 0.0011812 0.0011803 0.0011803 0.0011924 0.0012142 0.0023920 0.0023922 0.1642786 0.1531510 0.1570405 0.1572609 0.1511891 0.1441573 0.1441573 0.1441573 0.1441573 0.1467244 0.1467244 0.1396853 0.1439745 
Pristimantis_aff_viejas_MHUAA8088            0.1131541 0.0884170 0.1100290 0.1133983 0.0944965 0.0828398 0.0847080 0.0847080 0.0847080 0.0917175 0.0012290 0.0012124 0.0000010 0.0000010 0.0000000 0.0000010 0.0000010 0.0000010 0.0011916 0.0011916 0.0011916 0.0011916 0.0011916 0.0011916 0.0011924 0.0012262 0.0023920 0.0023941 0.1642786 0.1531510 0.1546425 0.1548581 0.1511891 0.1418723 0.1418723 0.1418723 0.1418723 0.1430924 0.1430924 0.1396853 0.1403780 
Pristimantis_aff_viejas_MHUAA8089            0.1131541 0.0884170 0.1095167 0.1128662 0.0944965 0.0828398 0.0844542 0.0844542 0.0844542 0.0914408 0.0012290 0.0012124 0.0000010 0.0000010 0.0000010 0.0000000 0.0000010 0.0000010 0.0011888 0.0011888 0.0011888 0.0011888 0.0011888 0.0011888 0.0011924 0.0012232 0.0023920 0.0023922 0.1642786 0.1531510 0.1570405 0.1572609 0.1511891 0.1441573 0.1441573 0.1441573 0.1441573 0.1453754 0.1453754 0.1396853 0.1426316 
Pristimantis_aff_viejas_MHUAA8099            0.1131541 0.0884170 0.1100290 0.1133983 0.0944965 0.0839679 0.0858677 0.0858677 0.0858677 0.0929904 0.0012421 0.0012252 0.0000010 0.0000010 0.0000010 0.0000010 0.0000000 0.0000010 0.0012041 0.0012041 0.0012041 0.0012041 0.0012041 0.0012041 0.0012050 0.0012262 0.0024169 0.0024180 0.1668868 0.1555624 0.1570718 0.1570718 0.1535693 0.1440483 0.1440483 0.1440483 0.1440483 0.1452799 0.1452799 0.1418208 0.1425074 
Pristimantis_aff_viejas_MHUAA8810            0.1131541 0.0841170 0.1043780 0.1078140 0.0953613 0.0837820 0.0837820 0.0837820 0.0837820 0.0910805 0.0012544 0.0012544 0.0000010 0.0000010 0.0000010 0.0000010 0.0000010 0.0000000 0.0012544 0.0012544 0.0012544 0.0012544 0.0012544 0.0012544 0.0012544 0.0012730 0.0012544 0.0025194 0.1626402 0.1449458 0.1449458 0.1449458 0.1429555 0.1388706 0.1388706 0.1388706 0.1388706 0.1417803 0.1417803 0.1417803 0.1389806 
Pristimantis_aff_viejas_MHUAA10473           0.1099044 0.0866150 0.1055515 0.1088233 0.0926030 0.0799348 0.0814291 0.0815195 0.0815195 0.0882629 0.0000010 0.0000010 0.0012082 0.0011803 0.0011916 0.0011888 0.0012041 0.0012544 0.0000000 0.0000010 0.0000010 0.0000010 0.0000010 0.0000010 0.0000010 0.0000010 0.0011878 0.0011927 0.1687116 0.1504369 0.1543027 0.1552908 0.1484833 0.1397263 0.1421413 0.1397263 0.1397263 0.1422718 0.1422718 0.1361827 0.1396001 
Pristimantis_aff_viejas_MHUAA10508           0.1099044 0.0866150 0.1055515 0.1088233 0.0926030 0.0799348 0.0814291 0.0815195 0.0815195 0.0882629 0.0000010 0.0000010 0.0012082 0.0011803 0.0011916 0.0011888 0.0012041 0.0012544 0.0000010 0.0000000 0.0000010 0.0000010 0.0000010 0.0000010 0.0000010 0.0000010 0.0011878 0.0011927 0.1687116 0.1504369 0.1543027 0.1552908 0.1484833 0.1397263 0.1421413 0.1397263 0.1397263 0.1422718 0.1422718 0.1361827 0.1396001 
Pristimantis_aff_viejas_MHUAA10477           0.1099044 0.0866150 0.1055515 0.1088233 0.0926030 0.0799348 0.0814291 0.0815195 0.0815195 0.0882629 0.0000010 0.0000010 0.0012091 0.0011812 0.0011916 0.0011888 0.0012041 0.0012544 0.0000010 0.0000010 0.0000000 0.0000010 0.0000010 0.0000010 0.0000010 0.0000010 0.0011878 0.0011927 0.1687116 0.1504369 0.1543027 0.1552908 0.1484833 0.1397263 0.1421413 0.1397263 0.1397263 0.1424604 0.1424604 0.1361827 0.1397833 
Pristimantis_aff_viejas_MHUAA10814           0.1099044 0.0866150 0.1055515 0.1088233 0.0926030 0.0802705 0.0818626 0.0818626 0.0818626 0.0887400 0.0000010 0.0000010 0.0012091 0.0011812 0.0011916 0.0011888 0.0012041 0.0012544 0.0000010 0.0000010 0.0000010 0.0000000 0.0000010 0.0000010 0.0000010 0.0000010 0.0011878 0.0011927 0.1687116 0.1504369 0.1543027 0.1552908 0.1484833 0.1405807 0.1405807 0.1405807 0.1405807 0.1433295 0.1433295 0.1361827 0.1406288 
Pristimantis_aff_viejas_MHUAA11731           0.1099044 0.0866150 0.1055515 0.1088233 0.0926030 0.0799348 0.0814291 0.0815195 0.0815195 0.0882629 0.0000010 0.0000010 0.0011975 0.0011803 0.0011916 0.0011888 0.0012041 0.0012544 0.0000010 0.0000010 0.0000010 0.0000010 0.0000000 0.0000010 0.0000010 0.0000010 0.0011878 0.0011927 0.1687116 0.1504369 0.1543027 0.1552908 0.1484833 0.1397263 0.1421413 0.1397263 0.1397263 0.1442508 0.1442508 0.1361827 0.1415563 
Pristimantis_aff_viejas_MHUAA11734           0.1099044 0.0866150 0.1055515 0.1088233 0.0926030 0.0799348 0.0814291 0.0815195 0.0815195 0.0882629 0.0000010 0.0000010 0.0011975 0.0011803 0.0011916 0.0011888 0.0012041 0.0012544 0.0000010 0.0000010 0.0000010 0.0000010 0.0000010 0.0000000 0.0000010 0.0000010 0.0011878 0.0011927 0.1687116 0.1504369 0.1543027 0.1552908 0.1484833 0.1397263 0.1421413 0.1397263 0.1397263 0.1442508 0.1442508 0.1361827 0.1415563 
Pristimantis_aff_viejas_MHUAA11914           0.1099044 0.0845142 0.1040523 0.1073332 0.0926030 0.0807881 0.0806925 0.0806925 0.0806925 0.0875786 0.0000010 0.0000010 0.0012210 0.0011924 0.0011924 0.0011924 0.0012050 0.0012544 0.0000010 0.0000010 0.0000010 0.0000010 0.0000010 0.0000010 0.0000000 0.0000010 0.0011878 0.0011944 0.1614949 0.1504369 0.1492897 0.1502379 0.1484833 0.1367738 0.1367738 0.1367738 0.1367738 0.1379981 0.1379981 0.1371064 0.1353497 
Pristimantis_aff_viejas_MHUAA10489           0.1099044 0.0866150 0.1055515 0.1088233 0.0926030 0.0840755 0.0857468 0.0857468 0.0857468 0.0929856 0.0000010 0.0000010 0.0012142 0.0012142 0.0012262 0.0012232 0.0012262 0.0012730 0.0000010 0.0000010 0.0000010 0.0000010 0.0000010 0.0000010 0.0000010 0.0000000 0.0012272 0.0012274 0.1688181 0.1572399 0.1612847 0.1612847 0.1552054 0.1478305 0.1478305 0.1478305 0.1478305 0.1504734 0.1504734 0.1431666 0.1475946 
Pristimantis_aff_viejas_MHUAA11913           0.1099044 0.0863021 0.1067198 0.1100291 0.0926030 0.0824595 0.0823614 0.0823614 0.0823614 0.0892739 0.0000010 0.0012124 0.0024479 0.0023920 0.0023920 0.0023920 0.0024169 0.0012544 0.0011878 0.0011878 0.0011878 0.0011878 0.0011878 0.0011878 0.0011878 0.0012272 0.0000000 0.0023959 0.1634630 0.1523902 0.1512274 0.1521871 0.1504369 0.1386648 0.1386648 0.1386648 0.1386648 0.1398832 0.1398832 0.1390041 0.1372209 
Pristimantis_aff_viejas_MHUAA9428            0.1117137 0.0874282 0.1085975 0.1119844 0.0935080 0.0818769 0.0836580 0.0836580 0.0836580 0.0906954 0.0012310 0.0012144 0.0024484 0.0023922 0.0023941 0.0023922 0.0024180 0.0025194 0.0011927 0.0011927 0.0011927 0.0011927 0.0011927 0.0011927 0.0011944 0.0012274 0.0023959 0.0000000 0.1638444 0.1537317 0.1579424 0.1581655 0.1517616 0.1449636 0.1449636 0.1449636 0.1449636 0.1461861 0.1461861 0.1401916 0.1434202 
Pristimantis_factiosus_ARU784                0.2030934 0.1475355 0.1958830 0.1958830 0.1253678 0.1243210 0.1243210 0.1243210 0.1243210 0.1334671 0.1563738 0.1537541 0.1696563 0.1642786 0.1642786 0.1642786 0.1668868 0.1626402 0.1687116 0.1687116 0.1687116 0.1687116 0.1687116 0.1687116 0.1614949 0.1688181 0.1634630 0.1638444 0.0000000 0.0557463 0.0557463 0.0560456 0.0572583 0.0538632 0.0538632 0.0508762 0.0508762 0.0850741 0.0850741 0.0850741 0.0830526 
Pristimantis_factiosus_MHUAA8075             0.1896813 0.1477156 0.1981909 0.1981909 0.1324849 0.1238115 0.1238115 0.1238115 0.1238115 0.1332261 0.1411051 0.1415367 0.1581508 0.1531510 0.1531510 0.1531510 0.1555624 0.1449458 0.1504369 0.1504369 0.1504369 0.1504369 0.1504369 0.1504369 0.1504369 0.1572399 0.1523902 0.1537317 0.0557463 0.0000000 0.0000010 0.0000010 0.0012106 0.0443306 0.0443306 0.0414605 0.0414605 0.0767027 0.0767027 0.0753393 0.0747544 
Pristimantis_factiosus_MHUAA8100             0.1896813 0.1511682 0.2076731 0.2076731 0.1324849 0.1254897 0.1293348 0.1293348 0.1293348 0.1388613 0.1411051 0.1415367 0.1621704 0.1570405 0.1546425 0.1570405 0.1570718 0.1449458 0.1543027 0.1543027 0.1543027 0.1543027 0.1543027 0.1543027 0.1492897 0.1612847 0.1512274 0.1579424 0.0557463 0.0000010 0.0000000 0.0000010 0.0012106 0.0452885 0.0452885 0.0424396 0.0424396 0.0792741 0.0792741 0.0753393 0.0773188 
Pristimantis_factiosus_MHUAA8808             0.1896813 0.1511682 0.2076731 0.2076731 0.1324849 0.1263171 0.1301883 0.1301883 0.1301883 0.1397925 0.1412982 0.1417290 0.1621704 0.1572609 0.1548581 0.1572609 0.1570718 0.1449458 0.1552908 0.1552908 0.1552908 0.1552908 0.1552908 0.1552908 0.1502379 0.1612847 0.1521871 0.1581655 0.0560456 0.0000010 0.0000010 0.0000000 0.0012163 0.0455216 0.0455216 0.0426572 0.0426572 0.0797186 0.0797186 0.0757651 0.0777488 
Pristimantis_factiosus_MHUAA8080             0.1896813 0.1477156 0.1981909 0.1981909 0.1324849 0.1257848 0.1257848 0.1257848 0.1257848 0.1352404 0.1391640 0.1396094 0.1561307 0.1511891 0.1511891 0.1511891 0.1535693 0.1429555 0.1484833 0.1484833 0.1484833 0.1484833 0.1484833 0.1484833 0.1484833 0.1552054 0.1504369 0.1517616 0.0572583 0.0012106 0.0012106 0.0012163 0.0000000 0.0457717 0.0457717 0.0428904 0.0428904 0.0783284 0.0783284 0.0769663 0.0763668 
Pristimantis_factiosus_MHUAA10366            0.1914561 0.1522345 0.1970352 0.1970352 0.1357257 0.1242303 0.1256329 0.1260500 0.1260500 0.1350780 0.1333438 0.1311300 0.1487854 0.1441573 0.1418723 0.1441573 0.1440483 0.1388706 0.1397263 0.1397263 0.1397263 0.1405807 0.1397263 0.1397263 0.1367738 0.1478305 0.1386648 0.1449636 0.0538632 0.0443306 0.0452885 0.0455216 0.0457717 0.0000000 0.0011893 0.0023817 0.0023817 0.0714808 0.0714808 0.0712400 0.0696248 
Pristimantis_factiosus_MHUAA10369            0.1914561 0.1522345 0.1970352 0.1970352 0.1357257 0.1266362 0.1280422 0.1284692 0.1284692 0.1375848 0.1333438 0.1311300 0.1487854 0.1441573 0.1418723 0.1441573 0.1440483 0.1388706 0.1421413 0.1421413 0.1421413 0.1405807 0.1421413 0.1421413 0.1367738 0.1478305 0.1386648 0.1449636 0.0538632 0.0443306 0.0452885 0.0455216 0.0457717 0.0011893 0.0000000 0.0035871 0.0035871 0.0732582 0.0732582 0.0712400 0.0713817 
Pristimantis_factiosus_MHUAA10367            0.1875089 0.1479332 0.1937532 0.1937532 0.1314085 0.1203793 0.1217875 0.1221921 0.1221921 0.1311446 0.1333438 0.1311300 0.1487854 0.1441573 0.1418723 0.1441573 0.1440483 0.1388706 0.1397263 0.1397263 0.1397263 0.1405807 0.1397263 0.1397263 0.1367738 0.1478305 0.1386648 0.1449636 0.0508762 0.0414605 0.0424396 0.0426572 0.0428904 0.0023817 0.0035871 0.0000000 0.0000010 0.0714808 0.0714808 0.0712400 0.0696248 
Pristimantis_factiosus_MHUAA10368            0.1875089 0.1479332 0.1937532 0.1937532 0.1314085 0.1203793 0.1217875 0.1221921 0.1221921 0.1311446 0.1333438 0.1311300 0.1487854 0.1441573 0.1418723 0.1441573 0.1440483 0.1388706 0.1397263 0.1397263 0.1397263 0.1405807 0.1397263 0.1397263 0.1367738 0.1478305 0.1386648 0.1449636 0.0508762 0.0414605 0.0424396 0.0426572 0.0428904 0.0023817 0.0035871 0.0000010 0.0000000 0.0714808 0.0714808 0.0712400 0.0696248 
Pristimantis_factiosus_MHUAA11730            0.1875080 0.1472409 0.1802016 0.1802016 0.1416858 0.1217602 0.1228985 0.1235135 0.1235135 0.1321816 0.1361393 0.1338674 0.1579075 0.1467244 0.1430924 0.1453754 0.1452799 0.1417803 0.1422718 0.1422718 0.1424604 0.1433295 0.1442508 0.1442508 0.1379981 0.1504734 0.1398832 0.1461861 0.0850741 0.0767027 0.0792741 0.0797186 0.0783284 0.0714808 0.0732582 0.0714808 0.0714808 0.0000000 0.0000010 0.0000010 0.0011727 
Pristimantis_factiosus_MHUAA11735            0.1875080 0.1472409 0.1802016 0.1802016 0.1416858 0.1217602 0.1228985 0.1235135 0.1235135 0.1321816 0.1361393 0.1338674 0.1579075 0.1467244 0.1430924 0.1453754 0.1452799 0.1417803 0.1422718 0.1422718 0.1424604 0.1433295 0.1442508 0.1442508 0.1379981 0.1504734 0.1398832 0.1461861 0.0850741 0.0767027 0.0792741 0.0797186 0.0783284 0.0714808 0.0732582 0.0714808 0.0714808 0.0000010 0.0000000 0.0000010 0.0011727 
Pristimantis_factiosus_MHUAA11915            0.1875080 0.1493097 0.1773370 0.1773370 0.1416858 0.1234975 0.1234975 0.1234975 0.1234975 0.1324544 0.1361393 0.1338674 0.1441445 0.1396853 0.1396853 0.1396853 0.1418208 0.1417803 0.1361827 0.1361827 0.1361827 0.1361827 0.1361827 0.1361827 0.1371064 0.1431666 0.1390041 0.1401916 0.0850741 0.0753393 0.0753393 0.0757651 0.0769663 0.0712400 0.0712400 0.0712400 0.0712400 0.0000010 0.0000010 0.0000000 0.0012160 
Pristimantis_factiosus_MHUAA11736            0.1875080 0.1442382 0.1802016 0.1802016 0.1386574 0.1192506 0.1203879 0.1209869 0.1209869 0.1295470 0.1334494 0.1312338 0.1549675 0.1439745 0.1403780 0.1426316 0.1425074 0.1389806 0.1396001 0.1396001 0.1397833 0.1406288 0.1415563 0.1415563 0.1353497 0.1475946 0.1372209 0.1434202 0.0830526 0.0747544 0.0773188 0.0777488 0.0763668 0.0696248 0.0713817 0.0696248 0.0696248 0.0011727 0.0011727 0.0012160 0.0000000 
