49
Pristimantis_aff_viejas_MHUAA5555         0.0000000 0.0015839 0.0048626 0.0049634 0.0049357 0.0048807 0.0048690 0.0048202 0.0015839 0.0064338 0.0064338 0.0064338 0.0064338 0.0064338 0.0064338 0.0064338 0.0018943 0.0015839 0.0018943 0.0019007 0.0015885 0.0015885 0.4335589 0.4337179 0.4235288 0.4235288 0.4138765 0.3522556 0.3570106 0.3570106 0.3522556 0.4473253 0.3368196 0.4473253 0.4834199 0.3417013 0.1666530 0.1657293 0.1525654 0.1657293 0.1555609 0.1555609 0.1518485 0.1555609 0.1729689 0.1729689 0.1690512 0.1690512 0.1690512 
Pristimantis_aff_viejas_MHUAA5562         0.0015839 0.0000000 0.0032280 0.0032946 0.0032753 0.0032396 0.0032322 0.0032000 0.0000010 0.0046969 0.0046969 0.0047360 0.0046888 0.0047188 0.0046888 0.0047042 0.0000010 0.0000010 0.0000010 0.0000027 0.0000010 0.0000010 0.4267974 0.4325054 0.4168382 0.4073445 0.4109242 0.3408521 0.3432110 0.3454443 0.3408521 0.4368022 0.3233245 0.4368022 0.4726852 0.3319213 0.1653384 0.1608374 0.1541290 0.1607367 0.1544672 0.1544672 0.1534091 0.1544672 0.1642443 0.1642443 0.1605733 0.1627462 0.1627462 
Pristimantis_aff_viejas_MHUAA8059         0.0048626 0.0032280 0.0000000 0.0000010 0.0000010 0.0000010 0.0000010 0.0000010 0.0032280 0.0016075 0.0016075 0.0016075 0.0016075 0.0016075 0.0016075 0.0016075 0.0019133 0.0032280 0.0019133 0.0019199 0.0032280 0.0032280 0.4452880 0.4166224 0.4113670 0.4113670 0.4242396 0.3603662 0.3652059 0.3652059 0.3603662 0.4474668 0.3458713 0.4474668 0.4839539 0.3458713 0.1654283 0.1558916 0.1567890 0.1558916 0.1560444 0.1560444 0.1560444 0.1560444 0.1629169 0.1629169 0.1591295 0.1591295 0.1591295 
Pristimantis_aff_viejas_MHUAA8087         0.0049634 0.0032946 0.0000010 0.0000000 0.0000010 0.0000010 0.0000010 0.0000010 0.0032946 0.0016407 0.0016407 0.0016407 0.0016407 0.0016407 0.0016407 0.0016407 0.0019484 0.0032946 0.0019484 0.0019511 0.0032946 0.0032946 0.4477232 0.4122033 0.4122033 0.4122033 0.4259681 0.3596183 0.3646153 0.3646153 0.3596183 0.4503156 0.3497968 0.4503156 0.4877342 0.3497968 0.1668786 0.1573351 0.1573389 0.1573351 0.1574584 0.1574584 0.1574584 0.1574584 0.1645567 0.1645567 0.1606607 0.1606607 0.1606607 
Pristimantis_aff_viejas_MHUAA8088         0.0049357 0.0032753 0.0000010 0.0000010 0.0000000 0.0000010 0.0000010 0.0000010 0.0032753 0.0016318 0.0016318 0.0016318 0.0016318 0.0016318 0.0016318 0.0016318 0.0019399 0.0032753 0.0019399 0.0019425 0.0032753 0.0032753 0.4505999 0.4185512 0.4185512 0.4185512 0.4286583 0.3662688 0.3712088 0.3712088 0.3662688 0.4535940 0.3516227 0.4535940 0.4908090 0.3516227 0.1664319 0.1594504 0.1594039 0.1594504 0.1595245 0.1595245 0.1595245 0.1595245 0.1666680 0.1666680 0.1627708 0.1627708 0.1627708 
Pristimantis_aff_viejas_MHUAA8089         0.0048807 0.0032396 0.0000010 0.0000010 0.0000010 0.0000000 0.0000010 0.0000010 0.0032396 0.0016139 0.0016139 0.0016139 0.0016139 0.0016139 0.0016139 0.0016139 0.0019358 0.0032396 0.0019358 0.0019384 0.0032489 0.0032489 0.4490941 0.4362088 0.4362088 0.4362088 0.4273531 0.3630069 0.3678457 0.3678457 0.3630069 0.4518623 0.3425605 0.4518623 0.4889739 0.3476204 0.1697071 0.1660214 0.1590284 0.1660214 0.1621333 0.1621333 0.1582620 0.1621333 0.1733829 0.1733829 0.1693985 0.1693985 0.1693985 
Pristimantis_aff_viejas_MHUAA8099         0.0048690 0.0032322 0.0000010 0.0000010 0.0000010 0.0000010 0.0000000 0.0000010 0.0032322 0.0016099 0.0016099 0.0016099 0.0016099 0.0016099 0.0016099 0.0016099 0.0019199 0.0032322 0.0019199 0.0019266 0.0032322 0.0032322 0.4484128 0.4313498 0.4284428 0.4284428 0.4269463 0.3610987 0.3659461 0.3659461 0.3610987 0.4510517 0.3466005 0.4510517 0.4877558 0.3480386 0.1649311 0.1599044 0.1574731 0.1599044 0.1562908 0.1562908 0.1567217 0.1562908 0.1670248 0.1670248 0.1631803 0.1631803 0.1631803 
Pristimantis_aff_viejas_MHUAA8810         0.0048202 0.0032000 0.0000010 0.0000010 0.0000010 0.0000010 0.0000010 0.0000000 0.0032000 0.0015933 0.0015933 0.0015933 0.0015933 0.0015933 0.0015933 0.0015933 0.0018972 0.0032000 0.0018972 0.0019036 0.0032000 0.0032000 0.4393837 0.4313498 0.4210189 0.4210189 0.4191150 0.3548158 0.3596128 0.3596128 0.3548158 0.4407045 0.3402993 0.4407045 0.4767907 0.3417013 0.1649311 0.1576733 0.1553182 0.1576733 0.1541678 0.1541678 0.1545871 0.1541678 0.1646832 0.1646832 0.1609017 0.1609017 0.1609017 
Pristimantis_aff_viejas_MHUAA9428         0.0015839 0.0000010 0.0032280 0.0032946 0.0032753 0.0032396 0.0032322 0.0032000 0.0000000 0.0046883 0.0046883 0.0047273 0.0046803 0.0047102 0.0046803 0.0047042 0.0000010 0.0000010 0.0000010 0.0000027 0.0000010 0.0000010 0.4253258 0.4325054 0.4168382 0.4061790 0.4109242 0.3398700 0.3422160 0.3444553 0.3398700 0.4368022 0.3284289 0.4368022 0.4726852 0.3308796 0.1686628 0.1608374 0.1537542 0.1603339 0.1540953 0.1540953 0.1530376 0.1540953 0.1660741 0.1660741 0.1623473 0.1623473 0.1623473 
Pristimantis_aff_viejas_MHUAA10473        0.0064338 0.0046969 0.0016075 0.0016407 0.0016318 0.0016139 0.0016099 0.0015933 0.0046883 0.0000000 0.0000010 0.0000010 0.0000010 0.0000010 0.0000010 0.0000010 0.0038038 0.0046747 0.0038038 0.0038175 0.0048019 0.0048019 0.4311048 0.4374160 0.4216467 0.4109226 0.4161443 0.3433986 0.3448169 0.3479591 0.3433986 0.4368022 0.3331048 0.4368022 0.4726852 0.3358424 0.1731533 0.1642297 0.1566793 0.1633764 0.1569928 0.1569928 0.1559467 0.1569928 0.1694733 0.1694733 0.1657136 0.1664601 0.1664601 
Pristimantis_aff_viejas_MHUAA10477        0.0064338 0.0046969 0.0016075 0.0016407 0.0016318 0.0016139 0.0016099 0.0015933 0.0046883 0.0000010 0.0000000 0.0000010 0.0000010 0.0000010 0.0000010 0.0000010 0.0038038 0.0046747 0.0038038 0.0038175 0.0048019 0.0048019 0.4311048 0.4374160 0.4216467 0.4109226 0.4161443 0.3424180 0.3448169 0.3469711 0.3433986 0.4368022 0.3331048 0.4368022 0.4726852 0.3358424 0.1731533 0.1642297 0.1566793 0.1633764 0.1569928 0.1569928 0.1559467 0.1569928 0.1694733 0.1694733 0.1657136 0.1664601 0.1664601 
Pristimantis_aff_viejas_MHUAA10489        0.0064338 0.0047360 0.0016075 0.0016407 0.0016318 0.0016139 0.0016099 0.0015933 0.0047273 0.0000010 0.0000010 0.0000000 0.0000010 0.0000010 0.0000010 0.0000010 0.0038038 0.0047134 0.0038038 0.0038175 0.0048019 0.0048019 0.4311048 0.4374160 0.4216467 0.4148285 0.4161443 0.3434964 0.3481262 0.3481262 0.3434964 0.4368022 0.3282321 0.4368022 0.4726852 0.3358424 0.1715247 0.1642297 0.1566793 0.1633764 0.1577513 0.1577513 0.1559467 0.1577513 0.1679370 0.1679370 0.1641612 0.1649060 0.1649060 
Pristimantis_aff_viejas_MHUAA10508        0.0064338 0.0046888 0.0016075 0.0016407 0.0016318 0.0016139 0.0016099 0.0015933 0.0046803 0.0000010 0.0000010 0.0000010 0.0000000 0.0000010 0.0000010 0.0000010 0.0038038 0.0046667 0.0038038 0.0038175 0.0048019 0.0048019 0.4311048 0.4374160 0.4216467 0.4109226 0.4161443 0.3424627 0.3448169 0.3470160 0.3424627 0.4368022 0.3321586 0.4368022 0.4726852 0.3358424 0.1727223 0.1642297 0.1566793 0.1633764 0.1569928 0.1569928 0.1559467 0.1569928 0.1690805 0.1690805 0.1653306 0.1660739 0.1660739 
Pristimantis_aff_viejas_MHUAA10514        0.0064338 0.0047188 0.0016075 0.0016407 0.0016318 0.0016139 0.0016099 0.0015933 0.0047102 0.0000010 0.0000010 0.0000010 0.0000010 0.0000000 0.0000010 0.0000010 0.0038038 0.0046964 0.0038038 0.0038175 0.0048019 0.0048019 0.4311048 0.4374160 0.4216467 0.4124684 0.4161443 0.3415087 0.3461239 0.3461239 0.3415087 0.4368022 0.3310337 0.4368022 0.4726852 0.3358424 0.1706148 0.1642297 0.1566793 0.1633764 0.1569928 0.1569928 0.1559467 0.1569928 0.1671074 0.1671074 0.1633526 0.1640907 0.1640907 
Pristimantis_aff_viejas_MHUAA10524        0.0064338 0.0046888 0.0016075 0.0016407 0.0016318 0.0016139 0.0016099 0.0015933 0.0046803 0.0000010 0.0000010 0.0000010 0.0000010 0.0000010 0.0000000 0.0000010 0.0038038 0.0046667 0.0038038 0.0038175 0.0048019 0.0048019 0.4311048 0.4374160 0.4216467 0.4109226 0.4161443 0.3424627 0.3448169 0.3470160 0.3424627 0.4368022 0.3321586 0.4368022 0.4726852 0.3358424 0.1727223 0.1642297 0.1566793 0.1633764 0.1569928 0.1569928 0.1559467 0.1569928 0.1690805 0.1690805 0.1653306 0.1660739 0.1660739 
Pristimantis_aff_viejas_MHUAA10814        0.0064338 0.0047042 0.0016075 0.0016407 0.0016318 0.0016139 0.0016099 0.0015933 0.0047042 0.0000010 0.0000010 0.0000010 0.0000010 0.0000010 0.0000010 0.0000000 0.0038038 0.0047042 0.0038038 0.0038175 0.0048019 0.0048019 0.4325851 0.4374160 0.4216467 0.4120955 0.4161443 0.3477016 0.3478406 0.3522980 0.3477016 0.4368022 0.3374483 0.4368022 0.4726852 0.3368917 0.1736783 0.1642297 0.1573737 0.1641265 0.1576818 0.1576818 0.1566344 0.1576818 0.1711457 0.1711457 0.1673388 0.1673388 0.1673388 
Pristimantis_aff_viejas_MHUAA11731        0.0018943 0.0000010 0.0019133 0.0019484 0.0019399 0.0019358 0.0019199 0.0018972 0.0000010 0.0038038 0.0038038 0.0038038 0.0038038 0.0038038 0.0038038 0.0038038 0.0000000 0.0000010 0.0000010 0.0000027 0.0000010 0.0000010 0.4669127 0.4731245 0.4557270 0.4557270 0.4557270 0.4092541 0.4152546 0.4152546 0.4092541 0.4368022 0.3875396 0.4368022 0.4726852 0.3875396 0.1684819 0.1547149 0.1538518 0.1537481 0.1539888 0.1539888 0.1539888 0.1539888 0.1582659 0.1582659 0.1537481 0.1537481 0.1537481 
Pristimantis_aff_viejas_MHUAA11733        0.0015839 0.0000010 0.0032280 0.0032946 0.0032753 0.0032396 0.0032322 0.0032000 0.0000010 0.0046747 0.0046747 0.0047134 0.0046667 0.0046964 0.0046667 0.0047042 0.0000010 0.0000000 0.0000010 0.0000027 0.0000010 0.0000010 0.4253258 0.4325054 0.4168382 0.4061790 0.4109242 0.3378957 0.3402128 0.3424627 0.3378957 0.4368022 0.3204337 0.4368022 0.4726852 0.3308796 0.1662363 0.1608374 0.1534511 0.1600044 0.1537943 0.1537943 0.1527377 0.1537943 0.1631211 0.1631211 0.1594805 0.1623473 0.1623473 
Pristimantis_aff_viejas_MHUAA11734        0.0018943 0.0000010 0.0019133 0.0019484 0.0019399 0.0019358 0.0019199 0.0018972 0.0000010 0.0038038 0.0038038 0.0038038 0.0038038 0.0038038 0.0038038 0.0038038 0.0000010 0.0000010 0.0000000 0.0000027 0.0000010 0.0000010 0.4669127 0.4731245 0.4557270 0.4557270 0.4557270 0.4092541 0.4152546 0.4152546 0.4092541 0.4368022 0.3875396 0.4368022 0.4726852 0.3875396 0.1684819 0.1547149 0.1538518 0.1537481 0.1539888 0.1539888 0.1539888 0.1539888 0.1582659 0.1582659 0.1537481 0.1537481 0.1537481 
Pristimantis_aff_viejas_MHUAA11737        0.0019007 0.0000027 0.0019199 0.0019511 0.0019425 0.0019384 0.0019266 0.0019036 0.0000027 0.0038175 0.0038175 0.0038175 0.0038175 0.0038175 0.0038175 0.0038175 0.0000027 0.0000027 0.0000027 0.0000000 0.0000027 0.0000027 0.4704465 0.4766069 0.4590448 0.4590448 0.4590448 0.4122555 0.4182812 0.4182812 0.4122555 0.4402821 0.3904178 0.4402821 0.4691136 0.3904178 0.1689476 0.1555497 0.1546534 0.1545726 0.1547918 0.1547918 0.1547918 0.1547918 0.1591217 0.1591217 0.1545726 0.1545726 0.1545726 
Pristimantis_aff_viejas_MHUAA11913        0.0015885 0.0000010 0.0032280 0.0032946 0.0032753 0.0032489 0.0032322 0.0032000 0.0000010 0.0048019 0.0048019 0.0048019 0.0048019 0.0048019 0.0048019 0.0048019 0.0000010 0.0000010 0.0000010 0.0000027 0.0000000 0.0000010 0.4301639 0.4251096 0.4120974 0.4120974 0.4109242 0.3466349 0.3514196 0.3514196 0.3466349 0.4368022 0.3319213 0.4368022 0.4726852 0.3342948 0.1649545 0.1576877 0.1549059 0.1568780 0.1534090 0.1534090 0.1541784 0.1534090 0.1638521 0.1638521 0.1600911 0.1600911 0.1600911 
Pristimantis_aff_viejas_MHUAA11914        0.0015885 0.0000010 0.0032280 0.0032946 0.0032753 0.0032489 0.0032322 0.0032000 0.0000010 0.0048019 0.0048019 0.0048019 0.0048019 0.0048019 0.0048019 0.0048019 0.0000010 0.0000010 0.0000010 0.0000027 0.0000010 0.0000000 0.4301639 0.4251096 0.4120974 0.4120974 0.4109242 0.3466349 0.3514196 0.3514196 0.3466349 0.4368022 0.3319213 0.4368022 0.4726852 0.3342948 0.1649545 0.1576877 0.1549059 0.1568780 0.1534090 0.1534090 0.1541784 0.1534090 0.1638521 0.1638521 0.1600911 0.1600911 0.1600911 
Pristimantis_factiosus_ARU784             0.4335589 0.4267974 0.4452880 0.4477232 0.4505999 0.4490941 0.4484128 0.4393837 0.4253258 0.4311048 0.4311048 0.4311048 0.4311048 0.4311048 0.4311048 0.4325851 0.4669127 0.4253258 0.4669127 0.4704465 0.4301639 0.4301639 0.0000000 0.1161621 0.1127303 0.1124406 0.1133097 0.1124299 0.1124299 0.1124299 0.1124299 0.1837039 0.1596706 0.1837039 0.2034625 0.1596706 0.5056676 0.5002935 0.4532766 0.4913938 0.4536387 0.4536387 0.4536387 0.4536387 0.4977567 0.4977567 0.4913938 0.4913938 0.4913938 
Pristimantis_factiosus_MHUAA8075          0.4337179 0.4325054 0.4166224 0.4122033 0.4185512 0.4362088 0.4313498 0.4313498 0.4325054 0.4374160 0.4374160 0.4374160 0.4374160 0.4374160 0.4374160 0.4374160 0.4731245 0.4325054 0.4731245 0.4766069 0.4251096 0.4251096 0.1161621 0.0000000 0.0000010 0.0000010 0.0000010 0.0794274 0.0770831 0.0770831 0.0794274 0.1882808 0.1791917 0.1882808 0.2072044 0.1678954 0.5727514 0.5580283 0.4944564 0.5596698 0.5269347 0.5383355 0.5026179 0.5383355 0.5693498 0.5693498 0.5636314 0.5636314 0.5636314 
Pristimantis_factiosus_MHUAA8080          0.4235288 0.4168382 0.4113670 0.4122033 0.4185512 0.4362088 0.4284428 0.4210189 0.4168382 0.4216467 0.4216467 0.4216467 0.4216467 0.4216467 0.4216467 0.4216467 0.4557270 0.4168382 0.4557270 0.4590448 0.4120974 0.4120974 0.1127303 0.0000010 0.0000000 0.0000010 0.0000010 0.0775261 0.0752445 0.0752445 0.0775261 0.1821923 0.1739797 0.1821923 0.2003144 0.1630914 0.5727514 0.5444243 0.4753458 0.5387232 0.5069412 0.5183364 0.4836534 0.5183364 0.5483000 0.5483000 0.5425987 0.5425987 0.5425987 
Pristimantis_factiosus_MHUAA8093          0.4235288 0.4073445 0.4113670 0.4122033 0.4185512 0.4362088 0.4284428 0.4210189 0.4061790 0.4109226 0.4109226 0.4148285 0.4109226 0.4124684 0.4109226 0.4120955 0.4557270 0.4061790 0.4557270 0.4590448 0.4120974 0.4120974 0.1124406 0.0000010 0.0000010 0.0000000 0.0000010 0.0762838 0.0740438 0.0740438 0.0762838 0.1821923 0.1769081 0.1821923 0.2003144 0.1626966 0.5583867 0.5389888 0.4738793 0.5371056 0.4953236 0.5067227 0.4821967 0.5067227 0.5341050 0.5341050 0.5284045 0.5284045 0.5284045 
Pristimantis_factiosus_MHUAA8808          0.4138765 0.4109242 0.4242396 0.4259681 0.4286583 0.4273531 0.4269463 0.4191150 0.4109242 0.4161443 0.4161443 0.4161443 0.4161443 0.4161443 0.4161443 0.4161443 0.4557270 0.4109242 0.4557270 0.4590448 0.4109242 0.4109242 0.1133097 0.0000010 0.0000010 0.0000010 0.0000000 0.0769321 0.0744911 0.0744911 0.0769321 0.1821923 0.1647217 0.1821923 0.2003144 0.1647217 0.5592915 0.5304227 0.4940683 0.5266075 0.4944248 0.5067549 0.5067549 0.5067549 0.5327929 0.5327929 0.5266075 0.5266075 0.5266075 
Pristimantis_factiosus_MHUAA10366         0.3522556 0.3408521 0.3603662 0.3596183 0.3662688 0.3630069 0.3610987 0.3548158 0.3398700 0.3433986 0.3424180 0.3434964 0.3424627 0.3415087 0.3424627 0.3477016 0.4092541 0.3378957 0.4092541 0.4122555 0.3466349 0.3466349 0.1124299 0.0794274 0.0775261 0.0762838 0.0769321 0.0000000 0.0015513 0.0015419 0.0000010 0.1602033 0.1480441 0.1602033 0.1771228 0.1444888 0.4837406 0.4916458 0.4462349 0.4882488 0.4375944 0.4495970 0.4429728 0.4495970 0.4800852 0.4800852 0.4741239 0.4770999 0.4770999 
Pristimantis_factiosus_MHUAA10367         0.3570106 0.3432110 0.3652059 0.3646153 0.3712088 0.3678457 0.3659461 0.3596128 0.3422160 0.3448169 0.3448169 0.3481262 0.3448169 0.3461239 0.3448169 0.3478406 0.4152546 0.3402128 0.4152546 0.4182812 0.3514196 0.3514196 0.1124299 0.0770831 0.0752445 0.0740438 0.0744911 0.0015513 0.0000000 0.0000010 0.0015513 0.1602033 0.1490442 0.1602033 0.1771228 0.1444888 0.4891849 0.4916458 0.4462349 0.4882488 0.4375944 0.4495970 0.4429728 0.4495970 0.4848918 0.4848918 0.4789212 0.4819392 0.4819392 
Pristimantis_factiosus_MHUAA10368         0.3570106 0.3454443 0.3652059 0.3646153 0.3712088 0.3678457 0.3659461 0.3596128 0.3444553 0.3479591 0.3469711 0.3481262 0.3470160 0.3461239 0.3470160 0.3522980 0.4152546 0.3424627 0.4152546 0.4182812 0.3514196 0.3514196 0.1124299 0.0770831 0.0752445 0.0740438 0.0744911 0.0015419 0.0000010 0.0000000 0.0015447 0.1602033 0.1480441 0.1602033 0.1771228 0.1444888 0.4837406 0.4916458 0.4462349 0.4882488 0.4375944 0.4495970 0.4429728 0.4495970 0.4800852 0.4800852 0.4741239 0.4770999 0.4770999 
Pristimantis_factiosus_MHUAA10369         0.3522556 0.3408521 0.3603662 0.3596183 0.3662688 0.3630069 0.3610987 0.3548158 0.3398700 0.3433986 0.3433986 0.3434964 0.3424627 0.3415087 0.3424627 0.3477016 0.4092541 0.3378957 0.4092541 0.4122555 0.3466349 0.3466349 0.1124299 0.0794274 0.0775261 0.0762838 0.0769321 0.0000010 0.0015513 0.0015447 0.0000000 0.1602033 0.1480441 0.1602033 0.1771228 0.1444888 0.4837406 0.4916458 0.4462349 0.4882488 0.4375944 0.4495970 0.4429728 0.4495970 0.4800852 0.4800852 0.4741239 0.4770999 0.4770999 
Pristimantis_factiosus_MHUAA11730         0.4473253 0.4368022 0.4474668 0.4503156 0.4535940 0.4518623 0.4510517 0.4407045 0.4368022 0.4368022 0.4368022 0.4368022 0.4368022 0.4368022 0.4368022 0.4368022 0.4368022 0.4368022 0.4368022 0.4402821 0.4368022 0.4368022 0.1837039 0.1882808 0.1821923 0.1821923 0.1821923 0.1602033 0.1602033 0.1602033 0.1602033 0.0000000 0.0042384 0.0000010 0.0063540 0.0042384 0.5325350 0.4843012 0.4618237 0.4797112 0.4622795 0.4782663 0.4782663 0.4782663 0.4879792 0.4879792 0.4797112 0.4797112 0.4797112 
Pristimantis_factiosus_MHUAA11732         0.3368196 0.3233245 0.3458713 0.3497968 0.3516227 0.3425605 0.3466005 0.3402993 0.3284289 0.3331048 0.3331048 0.3282321 0.3321586 0.3310337 0.3321586 0.3374483 0.3875396 0.3204337 0.3875396 0.3904178 0.3319213 0.3319213 0.1596706 0.1791917 0.1739797 0.1769081 0.1647217 0.1480441 0.1490442 0.1480441 0.1480441 0.0042384 0.0000000 0.0042384 0.0108745 0.0000010 0.3999860 0.3976820 0.3658998 0.3897206 0.3743078 0.3862942 0.3753777 0.3862942 0.3865625 0.3865625 0.3804686 0.3901978 0.3901978 
Pristimantis_factiosus_MHUAA11735         0.4473253 0.4368022 0.4474668 0.4503156 0.4535940 0.4518623 0.4510517 0.4407045 0.4368022 0.4368022 0.4368022 0.4368022 0.4368022 0.4368022 0.4368022 0.4368022 0.4368022 0.4368022 0.4368022 0.4402821 0.4368022 0.4368022 0.1837039 0.1882808 0.1821923 0.1821923 0.1821923 0.1602033 0.1602033 0.1602033 0.1602033 0.0000010 0.0042384 0.0000000 0.0063540 0.0042384 0.5325350 0.4843012 0.4618237 0.4797112 0.4622795 0.4782663 0.4782663 0.4782663 0.4879792 0.4879792 0.4797112 0.4797112 0.4797112 
Pristimantis_factiosus_MHUAA11736         0.4834199 0.4726852 0.4839539 0.4877342 0.4908090 0.4889739 0.4877558 0.4767907 0.4726852 0.4726852 0.4726852 0.4726852 0.4726852 0.4726852 0.4726852 0.4726852 0.4726852 0.4726852 0.4726852 0.4691136 0.4726852 0.4726852 0.2034625 0.2072044 0.2003144 0.2003144 0.2003144 0.1771228 0.1771228 0.1771228 0.1771228 0.0063540 0.0108745 0.0063540 0.0000000 0.0108745 0.5781523 0.5248129 0.5013597 0.5200097 0.5018059 0.5171084 0.5171084 0.5171084 0.5278875 0.5278875 0.5200097 0.5200097 0.5200097 
Pristimantis_factiosus_MHUAA11915         0.3417013 0.3319213 0.3458713 0.3497968 0.3516227 0.3476204 0.3480386 0.3417013 0.3308796 0.3358424 0.3358424 0.3358424 0.3358424 0.3358424 0.3358424 0.3368917 0.3875396 0.3308796 0.3875396 0.3904178 0.3342948 0.3342948 0.1596706 0.1678954 0.1630914 0.1626966 0.1647217 0.1444888 0.1444888 0.1444888 0.1444888 0.0042384 0.0000010 0.0042384 0.0108745 0.0000000 0.4039076 0.3809683 0.3670915 0.3743104 0.3643987 0.3765775 0.3765775 0.3765775 0.3858067 0.3858067 0.3794570 0.3794570 0.3794570 
Pristimantis_viejas_MHUAA6597___reversed_ 0.1666530 0.1653384 0.1654283 0.1668786 0.1664319 0.1697071 0.1649311 0.1649311 0.1686628 0.1731533 0.1731533 0.1715247 0.1727223 0.1706148 0.1727223 0.1736783 0.1684819 0.1662363 0.1684819 0.1689476 0.1649545 0.1649545 0.5056676 0.5727514 0.5727514 0.5583867 0.5592915 0.4837406 0.4891849 0.4837406 0.4837406 0.5325350 0.3999860 0.5325350 0.5781523 0.4039076 0.0000000 0.0255271 0.0034669 0.0257130 0.0000010 0.0016859 0.0017182 0.0016859 0.0287878 0.0287878 0.0268185 0.0270711 0.0270711 
Pristimantis_viejas_MHUAA7119             0.1657293 0.1608374 0.1558916 0.1573351 0.1594504 0.1660214 0.1599044 0.1576733 0.1608374 0.1642297 0.1642297 0.1642297 0.1642297 0.1642297 0.1642297 0.1642297 0.1547149 0.1608374 0.1547149 0.1555497 0.1576877 0.1576877 0.5002935 0.5580283 0.5444243 0.5389888 0.5304227 0.4916458 0.4916458 0.4916458 0.4916458 0.4843012 0.3976820 0.4843012 0.5248129 0.3809683 0.0255271 0.0000000 0.0295514 0.0000010 0.0272016 0.0272016 0.0256928 0.0272016 0.0031650 0.0031650 0.0015735 0.0015735 0.0015735 
Pristimantis_viejas_MHUAA9742             0.1525654 0.1541290 0.1567890 0.1573389 0.1594039 0.1590284 0.1574731 0.1553182 0.1537542 0.1566793 0.1566793 0.1566793 0.1566793 0.1566793 0.1566793 0.1573737 0.1538518 0.1534511 0.1538518 0.1546534 0.1549059 0.1549059 0.4532766 0.4944564 0.4753458 0.4738793 0.4940683 0.4462349 0.4462349 0.4462349 0.4462349 0.4618237 0.3658998 0.4618237 0.5013597 0.3670915 0.0034669 0.0295514 0.0000000 0.0292423 0.0031810 0.0031810 0.0031810 0.0031810 0.0330331 0.0330331 0.0311028 0.0311421 0.0311421 
Pristimantis_viejas_MHUAA10465            0.1657293 0.1607367 0.1558916 0.1573351 0.1594504 0.1660214 0.1599044 0.1576733 0.1603339 0.1633764 0.1633764 0.1633764 0.1633764 0.1633764 0.1633764 0.1641265 0.1537481 0.1600044 0.1537481 0.1545726 0.1568780 0.1568780 0.4913938 0.5596698 0.5387232 0.5371056 0.5266075 0.4882488 0.4882488 0.4882488 0.4882488 0.4797112 0.3897206 0.4797112 0.5200097 0.3743104 0.0257130 0.0000010 0.0292423 0.0000000 0.0271050 0.0271050 0.0254293 0.0271050 0.0031546 0.0031546 0.0015688 0.0015705 0.0015705 
Pristimantis_viejas_MHUAA10475            0.1555609 0.1544672 0.1560444 0.1574584 0.1595245 0.1621333 0.1562908 0.1541678 0.1540953 0.1569928 0.1569928 0.1577513 0.1569928 0.1569928 0.1569928 0.1576818 0.1539888 0.1537943 0.1539888 0.1547918 0.1534090 0.1534090 0.4536387 0.5269347 0.5069412 0.4953236 0.4944248 0.4375944 0.4375944 0.4375944 0.4375944 0.4622795 0.3743078 0.4622795 0.5018059 0.3643987 0.0000010 0.0272016 0.0031810 0.0271050 0.0000000 0.0031173 0.0031723 0.0031173 0.0304356 0.0304356 0.0285740 0.0286091 0.0286091 
Pristimantis_viejas_MHUAA10509            0.1555609 0.1544672 0.1560444 0.1574584 0.1595245 0.1621333 0.1562908 0.1541678 0.1540953 0.1569928 0.1569928 0.1577513 0.1569928 0.1569928 0.1569928 0.1576818 0.1539888 0.1537943 0.1539888 0.1547918 0.1534090 0.1534090 0.4536387 0.5383355 0.5183364 0.5067227 0.5067549 0.4495970 0.4495970 0.4495970 0.4495970 0.4782663 0.3862942 0.4782663 0.5171084 0.3765775 0.0016859 0.0272016 0.0031810 0.0271050 0.0031173 0.0000000 0.0000010 0.0000010 0.0304356 0.0304356 0.0285740 0.0286091 0.0286091 
Pristimantis_viejas_MHUAA10526            0.1518485 0.1534091 0.1560444 0.1574584 0.1595245 0.1582620 0.1567217 0.1545871 0.1530376 0.1559467 0.1559467 0.1559467 0.1559467 0.1559467 0.1559467 0.1566344 0.1539888 0.1527377 0.1539888 0.1547918 0.1541784 0.1541784 0.4536387 0.5026179 0.4836534 0.4821967 0.5067549 0.4429728 0.4429728 0.4429728 0.4429728 0.4782663 0.3753777 0.4782663 0.5171084 0.3765775 0.0017182 0.0256928 0.0031810 0.0254293 0.0031723 0.0000010 0.0000000 0.0000010 0.0291234 0.0291234 0.0272456 0.0272793 0.0272793 
Pristimantis_viejas_MHUAA10558            0.1555609 0.1544672 0.1560444 0.1574584 0.1595245 0.1621333 0.1562908 0.1541678 0.1540953 0.1569928 0.1569928 0.1577513 0.1569928 0.1569928 0.1569928 0.1576818 0.1539888 0.1537943 0.1539888 0.1547918 0.1534090 0.1534090 0.4536387 0.5383355 0.5183364 0.5067227 0.5067549 0.4495970 0.4495970 0.4495970 0.4495970 0.4782663 0.3862942 0.4782663 0.5171084 0.3765775 0.0016859 0.0272016 0.0031810 0.0271050 0.0031173 0.0000010 0.0000010 0.0000000 0.0304356 0.0304356 0.0285740 0.0286091 0.0286091 
Pristimantis_viejas_MHUAA11468            0.1729689 0.1642443 0.1629169 0.1645567 0.1666680 0.1733829 0.1670248 0.1646832 0.1660741 0.1694733 0.1694733 0.1679370 0.1690805 0.1671074 0.1690805 0.1711457 0.1582659 0.1631211 0.1582659 0.1591217 0.1638521 0.1638521 0.4977567 0.5693498 0.5483000 0.5341050 0.5327929 0.4800852 0.4848918 0.4800852 0.4800852 0.4879792 0.3865625 0.4879792 0.5278875 0.3858067 0.0287878 0.0031650 0.0330331 0.0031546 0.0304356 0.0304356 0.0291234 0.0304356 0.0000000 0.0000010 0.0015267 0.0015431 0.0015431 
Pristimantis_viejas_MHUAA11470            0.1729689 0.1642443 0.1629169 0.1645567 0.1666680 0.1733829 0.1670248 0.1646832 0.1660741 0.1694733 0.1694733 0.1679370 0.1690805 0.1671074 0.1690805 0.1711457 0.1582659 0.1631211 0.1582659 0.1591217 0.1638521 0.1638521 0.4977567 0.5693498 0.5483000 0.5341050 0.5327929 0.4800852 0.4848918 0.4800852 0.4800852 0.4879792 0.3865625 0.4879792 0.5278875 0.3858067 0.0287878 0.0031650 0.0330331 0.0031546 0.0304356 0.0304356 0.0291234 0.0304356 0.0000010 0.0000000 0.0015267 0.0015431 0.0015431 
Pristimantis_viejas_MHUAA11473            0.1690512 0.1605733 0.1591295 0.1606607 0.1627708 0.1693985 0.1631803 0.1609017 0.1623473 0.1657136 0.1657136 0.1641612 0.1653306 0.1633526 0.1653306 0.1673388 0.1537481 0.1594805 0.1537481 0.1545726 0.1600911 0.1600911 0.4913938 0.5636314 0.5425987 0.5284045 0.5266075 0.4741239 0.4789212 0.4741239 0.4741239 0.4797112 0.3804686 0.4797112 0.5200097 0.3794570 0.0268185 0.0015735 0.0311028 0.0015688 0.0285740 0.0285740 0.0272456 0.0285740 0.0015267 0.0015267 0.0000000 0.0000010 0.0000010 
Pristimantis_viejas_MHUAA11900            0.1690512 0.1627462 0.1591295 0.1606607 0.1627708 0.1693985 0.1631803 0.1609017 0.1623473 0.1664601 0.1664601 0.1649060 0.1660739 0.1640907 0.1660739 0.1673388 0.1537481 0.1623473 0.1537481 0.1545726 0.1600911 0.1600911 0.4913938 0.5636314 0.5425987 0.5284045 0.5266075 0.4770999 0.4819392 0.4770999 0.4770999 0.4797112 0.3901978 0.4797112 0.5200097 0.3794570 0.0270711 0.0015735 0.0311421 0.0015705 0.0286091 0.0286091 0.0272793 0.0286091 0.0015431 0.0015431 0.0000010 0.0000000 0.0000010 
Pristimantis_viejas_MHUAA11901            0.1690512 0.1627462 0.1591295 0.1606607 0.1627708 0.1693985 0.1631803 0.1609017 0.1623473 0.1664601 0.1664601 0.1649060 0.1660739 0.1640907 0.1660739 0.1673388 0.1537481 0.1623473 0.1537481 0.1545726 0.1600911 0.1600911 0.4913938 0.5636314 0.5425987 0.5284045 0.5266075 0.4770999 0.4819392 0.4770999 0.4770999 0.4797112 0.3901978 0.4797112 0.5200097 0.3794570 0.0270711 0.0015735 0.0311421 0.0015705 0.0286091 0.0286091 0.0272793 0.0286091 0.0015431 0.0015431 0.0000010 0.0000010 0.0000000 
